0 40.0
117.10524831529061 40.00026335952225
234.2088814686051 40.00004784379139
351.31186967083585 39.99976650990046
468.4147174403161 39.99944956727262
585.5176234613247 39.99915628197136
702.6206203934718 39.99891388995101
819.7236772251343 39.99873130645096
936.8267552673651 39.99860406059045
1053.9298292009607 39.998519134900164
1171.032888936949 39.998458818053564
1288.135934425702 39.99840364196582
1405.2389700609806 39.99833449399763
1522.3420010007887 39.9982340326649
1639.4450314036292 39.99808754402811
1756.5480638583892 39.99788336883317
1873.6510993954798 39.99761301493493
1990.7541377742255 39.997271050559235
2107.857177933535 39.99685485472684
2224.9602185257804 39.99636428349953
2342.0632584156274 39.99580129550411
2459.1662970118123 39.995169567717056
2576.2693343497886 39.99447412265161
2693.3723709360847 39.99372098058126
2810.4754074519615 39.9929168448792
2927.5784444529977 39.99206882456191
3044.681482180013 39.99118419534105
3161.7845205326394 39.99027019860712
3278.8875591834408 39.98933387654482
3395.9905977593367 39.98838194082339
3513.0936360047094 39.98742067187342
3630.1966738644946 39.98645584555327
3747.2997114692735 39.9854926839506
3864.4027490467997 39.9845358271112
3981.5057868091317 39.98358932260323
4098.608824865333 39.98265662999008
4215.711863190743 39.98174063748297
4332.814901656087 39.98084368826438
4449.917940095436 39.97996761420755
4567.020978379927 39.97911377495816
4684.1240164668125 39.97828310058675
4801.227054407376 39.97747613625971
4918.33009231558 39.97669308760787
5035.433130314397 39.9759338656922
5152.536168483561 39.97519813067228
5269.6392068293835 39.97448533347297
5386.742245286822 39.97379475491606
5503.845283750632 39.97312554193702
5620.948322121504 39.97247674063962
5738.051360348143 39.971847326055716
5855.154398448648 39.971236228573495
5972.2574365029695 39.97064235707573
6089.360474619323 39.97006461889249
6206.4635128873615 39.96950193672094
6323.566551336246 39.968953262700495
6440.669589914802 39.96841758985596
6557.77262850392 39.96789396113641
6674.875666960462 39.967381476284345
6791.978705180252 39.96687929677054
6909.081743158955 39.96638664902504
7026.184781026422 39.965902826185925
7143.2878190339325 39.96542718857622
7260.390857484413 39.96470486113998
7377.493896705592 39.963768209486
7494.59693674631 39.962993502187956
7611.699977169592 39.962508902157296
7728.803017133771 39.96227835939932
7845.90605542017 39.96218023229002
7963.009090649084 39.96207151763317
8080.112121762451 39.96183472404803
8197.215148720536 39.961408002322614
8314.318173362699 39.96080099055622
8431.421200425028 39.96009953652906
8548.524238716042 39.959462470800474
8665.627302416993 39.9591132375392
8782.730412424386 39.95932865907464
8899.833597620282 39.96042654922252
9016.936895953375 39.96275337684024
9134.04035523544 39.966672752133235
9251.144033589822 39.97255517509415
9368.247999518904 39.98076924345893
9485.352331580792 39.99167435376242
9602.457117682561 40.0056148273562
9719.562454012239 40.02291533754257
9836.668443647233 40.04387749007729
9953.775194893422 40.06877740567034
10070.882819424472 40.097864161073716
10187.991430302027 40.13135895879094
10305.101139961813 40.169454910440564
10422.212058247846 40.21231733309503
10539.324290568007 40.26008447042766
10656.437936231547 40.31286856095262
10773.55308701503 40.37075718421171
10890.669825989602 40.43460344891725
11007.788226337712 40.50380241029768
11124.908351435555 40.577725083127646
11242.030254262034 40.65622496379519
11359.153977194004 40.73946607028465
11476.279552293878 40.827759000862734
11593.407001715426 40.92142247243692
11710.536338227463 41.02067757535603
11827.667565989464 41.1255753410675
11944.800681598206 41.235954701962314
12061.935675285224 41.351426306556604
12179.072532108083 41.47137718128849
12296.157899491616 41.59493484188124
12413.031640222993 41.720935791781635
12529.69074357445 41.84825301557579
12646.134180261584 41.97568737877745
12762.36299108572 42.10201395707357
12878.380289728946 42.22602550898743
12994.19119255583 42.34657114919648
13109.80268605464 42.46258889678857
13225.223444691941 42.57313133477456
13340.463612469835 42.67738411930769
13455.534561161126 42.774677505081435
13570.448637188785 42.86449139579048
13685.218907634386 42.946454678714424
13799.85891410302 43.0203397603033
13914.382441311942 43.08605329154854
14028.803305446938 43.14362406979417
14143.135165648604 43.193189042967006
14257.39136051904 43.23497824001209
14371.58477031515 43.26929932429917
14485.727704527788 43.29608434514689
14599.832526603499 43.31608312346374
14713.910333077582 43.330109509073225
14827.970863502007 43.338721273742365
14942.022928773764 43.34231736907819
15056.074676145434 43.34122088974499
15170.133717545246 43.33574138189693
15284.206361864277 43.32621561370501
15398.265268134566 43.31303272339579
15512.319063173436 43.29663445884576
15626.375681309366 43.277509692047765
15740.41259546219 43.25618683799463
15854.42206915244 43.233209943053666
15968.413462528924 43.209117992405275
16082.39547242936 43.18443052021516
16196.376118299933 43.159632862718425
16310.362726516882 43.13516424547271
16424.31962746249 43.11141772526052
16538.254337089787 43.08871517142163
16652.175566384045 43.067313475053595
16766.09136769754 43.04740438619821
16880.009111915566 43.029115858813825
16993.90395259351 43.01251950874389
17107.772803337757 42.997625241004656
17221.6243525253 42.98438907723742
17335.466648956324 42.97272102883307
17449.307076008372 42.962491158102246
17563.1420118753 42.95353663261812
17676.9474095302 42.94566816663847
17790.731914513435 42.93867239492374
17904.503553072343 42.93232130928763
18018.269705439 42.926377968556174
18132.037083967352 42.92060182452907
18245.77176169307 42.91475566114377
18359.482183548836 42.90860604163157
18473.17633645009 42.901929485700435
18586.861582992362 42.8945157056758
18700.544639282198 42.88617027570847
18814.209396360977 42.87671859271131
18927.84675255024 42.86600588162689
19041.464645310913 42.85389699636835
19155.070409591874 42.84027806773071
19268.670756564818 42.82505658584279
19382.258438599983 42.80816309482894
19495.815787734307 42.78955101779354
19609.350679688712 42.76919012370922
19722.87041010772 42.74706849308494
19836.3816735985 42.72319120447772
19949.89054961921 42.69757891254585
20063.36799581892 42.670274658666806
20176.820196404893 42.64132690626801
20290.254401583326 42.61079451445403
20403.677283203942 42.57874556864006
20517.09492046266 42.545255926814264
20630.48506518658 42.51041635776037
20743.847301675592 42.474316821720194
20857.188816860966 42.4370485524481
20970.51624023551 42.398705268873755
21083.835629699417 42.3593821915153
21197.138007543785 42.31918029107227
21310.4100493584 42.2782021417805
21423.658878647566 42.23654210611842
21536.891081631424 42.19429286689667
21650.112693524632 42.15154495255688
21763.31787891601 42.10839065194081
21876.49019570087 42.064923364226026
21989.636672268418 42.021224199207246
22102.763819137595 41.97737075302369
22215.877615257818 41.9334369911096
22328.983500677787 41.88949317252276
22442.056652967578 41.84561734390858
22555.10170797511 41.80187206537464
22668.12510416878 41.758315168793715
22781.132765735867 41.715000727599254
22894.128329106145 41.671979818273954
23007.08618662626 41.62931077705023
23120.01316743631 41.58703572735587
23232.915622779987 41.54519340417877
23345.7994125802 41.50381930397026
23458.66989781166 41.46294583294629
23571.517099728477 41.422607758110615
23684.331125295565 41.38283654911516
23797.118210394634 41.34365492939223
23909.88411555217 41.305083114983226
24022.634119533916 41.26713896438659
24135.342710443812 41.229848148182235
24248.01548099919 41.19322328556051
24360.658644120136 41.15727470296522
24473.277961740692 41.12201093295565
24585.87873664003 41.08743884127428
24698.459954408972 41.05356550665486
24811.002612800854 41.020401588408205
24923.512815934402 40.987948451145186
25035.996243151807 40.956206261934994
25148.45814177369 40.925174087525335
25260.835263914312 40.8948683378442
25373.133806370883 40.865284385266776
25485.36146859009 40.83641630637884
25597.5257182108 40.80825745243396
25709.633741979687 40.78080053625277
25821.692405378108 40.754037709315355
25933.708220607623 40.72796062983116
26045.68732246697 40.70256052276473
26157.63545157004 40.67782823272151
26269.55794430202 40.653754270555055
26381.459728884547 40.63032885449759
26493.34532691539 40.60754194655004
26605.218859757926 40.58538328479862
26717.084059175402 40.56384241225532
26828.944281631444 40.542908702751994
26940.80252570785 40.52257138435253
27052.661452122004 40.50281956068676
27164.52340585761 40.4836422305531
27276.39043995306 40.46502830608506
27388.264340520956 40.446966629729744
27500.1466526003 40.42944599024412
27612.038706469175 40.41245513787687
27723.941644071274 40.39598279887048
27835.856445234207 40.38001768938821
27947.783953382273 40.36454852894539
28059.72490047119 40.349564053401664
28171.679930897964 40.335053027552014
28283.64962416572 40.321004257338224
28395.634516110986 40.30740660168885
28507.635118529877 40.294248983985085
28619.65193706927 40.2815204031414
28731.685487279632 40.269209944283276
28843.73630875692 40.257306789000275
28955.80497733151 40.24580022514978
29067.89211529221 40.23467965618593
29179.998399662127 40.22393460998859
29292.12456857031 40.213554747168544
29404.271425787832 40.203529868828106
29516.43984351931 40.193849923759174
29628.630763559897 40.18450501506501
29740.84519694374 40.17548540619626
29853.084222222264 40.16678152639642
29965.348982519557 40.158383975556305
30077.640681517725 40.15028352848206
30189.960578527156 40.14247113858528
30302.309982795985 40.13493794100803
30414.69024720935 40.127675255199264
30527.102761523176 40.12067458696225
30639.548945269227 40.11392762999556
30752.030240458545 40.1074262669522
30864.548104199654 40.10116257004353
30977.10400133618 40.09512880121551
31089.69939719642 40.08931741192611
31202.335750535087 40.08372104255255
31315.01450673536 40.07833252145744
31427.73709132744 40.073144863742456
31540.50490386882 40.06815126971735
31653.31931222089 40.06334512311149
31766.181647246965 40.05871998905381
31879.0931979482 40.05426961184599
31992.055207046145 40.049987912552126
32105.068867014026 40.0458689864271
32218.135316553155 40.0419071002039
32331.255637506012 40.03809668925919
32444.43085219372 40.034432354674585
32557.661921162544 40.030908860209976
32670.94974132165 40.02752112920358
32784.29514445279 40.02426424141248
32897.698896071466 40.02113342980575
33011.16169461846 40.018124077321474
33124.68417096072 40.015231713597764
33238.266888180464 40.01245201168685
33351.910341632116 40.00978078476038
33465.6149592471 40.0072139828135
33579.381102067535 40.00474768937406
33693.20906499058 40.00237811822324
33807.09907770612 40.00010161013249
33921.05130581145 39.9979146296219
34035.0658520873 39.995813761744074
34149.14275792055 39.99379570889732
34263.28200485954 39.991857287671635
34377.48351628856 39.989995425730406
34491.74715920873 39.98820715873059
34606.072746112884 39.98648962728379
34720.46003694253 39.98484007396027
34834.90874111541 39.98325584033792
34949.4185196123 39.981734364097676
35063.988987112294 39.98027317616706
35178.61971416585 39.97886989791291
35293.310229395334 39.977522238384516
35408.0600217131 39.97622799160813
35522.86854254738 39.97498503393356
35637.73520806686 39.97379132143362
35752.65940139493 39.972644887356935
35867.64047480538 39.97154383963449
35982.67775189159 39.97048635844036
36097.77052970183 39.96947069380674
36212.91808083409 39.96849516329348
36328.119655484086 39.96755814971215
36443.37448344115 39.966658098904574
36558.68177602704 39.965793517575776
36674.0407279736 39.96496297118115
36789.4505192357 39.964165081867556
36904.910316736714 39.96339852646809
37020.419276044355 39.96266203455019
37135.976542975346 39.96195438651657
37251.58125512796 39.961274411758524
37367.23254334214 39.96062098686126
37482.92953308737 39.959993033860385
37598.67134577889 39.95938951854925
37714.45710002346 39.95880944883625
37830.28591279613 39.95825187315162
37946.15690054982 39.957715878902846
38062.06918025987 39.957200590978026
38178.0218704059 39.95670517029639
38294.01409189355 39.95622881240514
38410.044968918744 39.95577074612187
38526.1136297773 39.955330232221584
38642.21920762267 39.95490656216759
38758.360841174705 39.954499056885226
38874.537675382184 39.954107065577695
38990.74886204194 39.95372996458288
39106.99356037719 39.95336715627039
39223.270937577676 39.95301806797783
39339.58016930402 39.95268215098532
39455.92044015857 39.952358879527324
39572.29094412484 39.952047749840915
39688.690884977615 39.95174827924937
39805.11947666528 39.95146000528028
39921.57594366619 39.95118248481714
40038.05952132039 39.95091529328345
40154.56945613794 39.950658023858516
40271.10500608498 39.950410286723795
40387.66544084843 39.950171708339035
40504.250042080144 39.94994193074723
40620.85810362112 39.94972061090739
40737.488931706335 39.94950742005443
40854.14184515065 39.949302043085
40970.81617551603 39.94910417796871
41087.51126726048 39.94891353518356
41204.226477868724 39.94872983717502
41320.96117796493 39.94855281783775
41437.71475140755 39.948382222019184
41554.48659536633 39.94821780504422
41671.27612038169 39.94805933226023
41788.0827504065 39.947906578601575
41904.90592283044 39.94775932817301
42021.74508848706 39.94761737385106
42138.599711643794 39.9474805169029
42255.46926997506 39.947348566621855
42372.35325451888 39.94722133997898
42489.251169617215 39.94709866129002
42606.16253284047 39.946980361897104
42723.08687489662 39.946866279864686
42840.0237395254 39.94675625968898
42956.97268337821 39.94665015202044
43073.93327588417 39.94654781339868
43190.90509910312 39.94644910599936
43307.88774756615 39.946353897392456
43424.880828104455 39.94626206031141
43541.883959667175 39.946173472432854
43658.89677312908 39.946088016166186
43775.91891108886 39.946005578452755
43892.950027658815 39.94592605057417
44009.989788246785 39.945849327969306
44127.03786933116 39.945775310059624
44244.093958229736 39.94570390008244
44361.15775286329 39.94563500493179
44478.22896151459 39.94556853500647
44595.30730258373 39.94550440406507
44712.39250434041 39.94544252908749
44829.48430467406 39.94538283014279
44946.582450842354 39.94532523026299
45063.68669921889 39.945269655322605
45180.79681504064 39.945216033923586
45297.9125721558 39.945164297285416
45415.03375277257 39.94511437914022
45532.16014720944 39.945066215632465
45649.29155364748 39.94501974522322
45766.427777885045 39.94497490859864
45883.568633095376 39.944931648582504
46000.71393958746 39.94488991005265
46117.86352457048 39.94484963986105
46235.017221922186 39.94481078675739
46352.174871961484 39.94477330131605
46469.336321225455 39.94473713586615
46586.50142225104 39.94470224442473
46703.67003336158 39.944668582632715
46820.84201845831 39.9446361076937
46938.01724681705 39.94460477831527
47055.195592890064 39.94457455465285
47172.37693611324 39.94454539825596
47289.561160718666 39.9445172720166
47406.74815555251 39.944490140119896
47523.9378138984 39.94446396799675
47641.13003330616 39.94443872227841
47758.3247154259 39.94441437075298
47875.5217658475 39.94439088232356
47992.721093945336 39.94436822696821
48109.922612728275 39.94434637570147
48227.1262386948 39.944325300537336
48344.3318916932 39.94430497445386
48461.53949478674 39.944285371358944
48578.748974123744 39.9442664660577
48695.960258812396 39.94424823422082
48813.17328080022 39.94423065235439
48930.387974758116 39.94421369777069
49047.60427796879 39.9441973485602
49164.822130219516 39.94418158356466
49282.04147369902 39.94416638235104
49399.26225289848 39.94415172518664
49516.484414516366 39.94413759301496
49633.70790736715 39.94412396743253
49750.93268229362 39.94411083066659
49868.15869208277 39.94409816555353
49985.385891385085 39.944085955518204
50102.61423663715 39.94407418455385
50219.84368598738 39.94406283720285
50337.07419922485 39.94405189853809
50454.30573771108 39.94404135414504
50571.53826431458 39.9440311901044
50688.77174334817 39.94402139297536
50806.0061405089 39.944011949779544
50923.24142282049 39.94400284798534
51040.47755857814 39.943994075492895
51157.71451729572 39.943985620619586
51274.95226965513 39.943977472085976
51392.19078745782 39.943969619002246
51509.43004357834 39.94396205085513
51626.67001191989 39.94395475749519
51743.91066737172 39.943947729124666
51861.15198576836 39.943940956285594
51978.39394385058 39.9439344298484
52095.636519228014 39.943928141000846
52212.87969034342 39.94392208123736
52330.123436438415 39.943916242348685
52447.36773752071 39.943910616411934
52564.61257433281 39.9439051957809
52681.85792832196 39.94389997307674
52799.10378161151 39.94389494117894
52916.35011697346 39.94389009321657
53033.59691780218 39.94388542255987
53150.844168089374 39.943880922812056
53268.09185240006 39.94387658780143
53385.339955849624 39.94387241157372
53502.58846408192 39.94386838838474
53619.8373632483 39.9438645126932
53737.086639987574 39.94386077915378
53854.33628140692 39.94385718261047
53971.58627506354 39.94385371809011
54088.83660894725 39.94385038079611
54206.08727146372 39.94384716610239
54323.338251418594 39.94384406954755
54440.58953800221 39.94384108682925
54557.84112077506 39.94383821379863
54675.092989653866 39.94383544645508
54792.345134898314 39.943832780941165
54909.59754709834 39.94383021353757
55026.85021716197 39.94382774065838
55144.103136303755 39.94382535884647
55261.356296033635 39.943823064768964
55378.60968814636 39.94382085521295
55495.86330471131 39.94381872708129
55613.1171380628 39.94381667738857
55730.371180790775 39.943814703257175
55847.625425731894 39.943812801913566
55964.879865961026 39.94381097068457
56082.13449478305 39.94380920699384
56199.38930572503 39.943807508358525
56316.64429252869 39.94380587238588
56433.899449143195 39.943804296770125
56551.15476971823 39.94380277928939
56668.41024859735 39.94380131780268
56785.665880311564 39.94379991024704
56902.9216595732 39.94379855463477
57020.177581269956 39.943797249050775
57137.43364045923 39.94379599164992
57254.68983236262 39.94379478065457
57371.94615236061 39.943793614352145
57489.20259598747 39.94379249109282
57606.459158926365 39.94379140928726
57723.715837004536 39.94379036740443
57840.97262618876 39.94378936396952
57958.22952258088 39.9437883975619
58075.48652241351 39.94378746681318
58192.7436220459 39.9437865704053
58310.00081795991 39.943785707068734
58427.25810675612 39.94378487558072
58544.51548515005 39.94378407476354
58661.772949968516 39.943783303482945
58779.03049814611 39.9437825606465
58896.288126721745 39.943781845202096
59013.545832835356 39.94378115613651
59130.80361372465 39.943780492473934
59248.061466722014 39.94377985327462
59365.31938925143 39.94377923763359
59482.57737882558 39.94377864467933
59599.83543304298 39.943778073572574
59717.09354958518 39.94377752350515
59834.35172621411 39.943776993698776
59951.60996076944 39.94377648340401
60068.86825116608 39.94377599189917
60186.126595391695 39.943775518489346
60303.384991504325 39.94377506250535
60420.64343763007 39.94377462330282
60537.90193196084 39.94377420026128
60655.1604727522 39.94377379278326
60772.41905832121 39.943773400293466
60889.677687044416 39.943773022237934
61006.93635735583 39.943772658083255
61124.19506774502 39.9437723073158
61241.45381675524 39.943771969441
61358.71260298158 39.94377164398265
61475.97142506926 39.94377133048219
61593.2302817119 39.943771028498105
61710.489171649846 39.943770737605234
61827.74809366862 39.9437704573942
61945.00704659732 39.943770187470825
62062.266029307146 39.94376992745555
62179.52504070995 39.94376967698288
62296.784079756806 39.943769435700894
62414.04314543666 39.94376920327072
62531.302236775016 39.943768979366055
62648.56135283265 39.94376876367269
62765.82049270438 39.94376855588807
62883.07965551786 39.94376835572085
63000.33884043245 39.94376816289048
63117.59804663807 39.94376797712681
63234.85727335414 39.9437677981697
63352.116519828516 39.943767625768665
63469.3757853365 39.943767459682455
63586.63506917985 39.94376729967878
63703.89437068584 39.94376714553394
63821.15368920636 39.943766997032526
63938.413024117 39.943766853967084
64055.67237481625 39.94376671613783
64172.93174072463 39.9437665833524
64290.19112128393 39.94376645542549
64407.45051595644 39.94376633217868
64524.70992422419 39.943766213440156
64641.96934558824 39.94376609904441
64759.228779568 39.94376598883208
64876.48822570058 39.94376588264966
64993.74768354011 39.94376578034934
65111.00715265714 39.94376568178873
65228.26663263805 39.94376558683072
65345.52612308445 39.94376549534326
65462.78562361263 39.94376540719914
65580.04513385305 39.943765322275844
65697.30465344978 39.94376524045539
65814.56418206003 39.94376516162413
65931.82371935363 39.94376508567258
66049.08326501262 39.943765012495334
66166.34281873076 39.94376494199082
66283.6023802131 39.943764874061216
66400.86194917558 39.9437648086123
66518.12152534464 39.943764745553324
66635.38110845679 39.94376468479686
66752.64069825824 39.9437646262587
66869.9002945046 39.94376456985772
66987.15989696045 39.94376451551579
67104.41950539908 39.94376446315763
67221.67911960214 39.943764412710735
67338.93873935928 39.943764364105256
67456.19836446793 39.94376431727392
67573.45799473296 39.943764272151896
67690.71762996644 39.94376422867674
67807.97726998734 39.943764186788314
67925.23691462129 39.94376414642865
68042.4965637003 39.94376410754193
68159.7562170626 39.94376407007437
68277.01587455232 39.94376403397416
68394.27553601931 39.94376399919139
68511.53520131895 39.94376396567796
68628.7948703119 39.94376393338753
68746.05454286392 39.94376390227549
68863.31421884568 39.94376387229882
68980.57389813261 39.943763843416086
69097.83358060468 39.94376381558739
69215.09326614623 39.943763788774255
69332.35295464583 39.943763762939646
69449.61264599612 39.943763738047856
69566.87234009366 39.943763714064495
69684.13203683877 39.943763690956416
69801.39173613541 39.9437636686917
69918.65143789104 39.94376364723959
70035.91114201646 39.94376362657043
70153.17084842574 39.94376360665568
70270.43055703607 39.94376358746781
70387.69026776764 39.943763568980316
70504.94998054353 39.94376355116766
70622.20969528965 39.94376353400523
70739.46941193455 39.94376351746929
70856.7291304094 39.94376350153703
70973.98885064785 39.9437634861864
71091.24857258596 39.94376347139621
71208.50829616211 39.943763457146005
71325.7680213169 39.943763443416096
71443.02774799308 39.943763430187516
71560.2874761355 39.94376341744196
71677.54720569098 39.94376340516183
71794.80693660825 39.943763393330144
71912.06666883791 39.94376338193054
72029.32640233237 39.943763370947266
72146.58613704573 39.94376336036513
72263.84587293374 39.943763350169505
72381.10560995378 39.94376334034629
72498.36534806476 39.94376333088189
72615.62508722706 39.94376332176322
72732.88482740251 39.94376331297767
72850.14456855431 39.943763304513084
72967.404310647 39.94376329635776
73084.6640536464 39.9437632885004
73201.92379751954 39.94376328093014
73319.18354223469 39.94376327363649
73436.44328776123 39.94376326660938
73553.70303406965 39.94376325983906
73670.96278113153 39.94376325331616
73788.22252891945 39.943763247031654
73905.48227740699 39.94376324097685
74022.74202656871 39.94376323514335
74140.00177638006 39.94376322952307
74257.2615268174 39.943763224108245
74374.52127785793 39.94376321889136
74491.78102947968 39.943763213865196
74609.04078166149 39.94376320902278
74726.30053438294 39.943763204357396
74843.5602876244 39.9437631998626
74960.82004136687 39.943763195532156
75078.07979559212 39.94376319136005
75195.33955028254 39.9437631873405
75312.59930542117 39.943763183467944
75429.85906099167 39.943763179737005
75547.11881697828 39.94376317614251
75664.37857336582 39.94376317267947
75781.63833013966 39.94376316934309
75898.89808728569 39.94376316612875
76016.15784479034 39.94376316303196
76133.41760264053 39.94376316004846
76250.67736082363 39.94376315717408
76367.93711932747 39.943763154404856
76485.19687814036 39.94376315173693
76602.456637251 39.9437631491666
76719.71639664852 39.9437631466903
76836.97615632245 39.943763144304604
76954.23591626267 39.94376314200619
77071.49567645945 39.943763139791855
77188.75543690343 39.94376313765855
77306.01519758557 39.94376313560329
77423.27495849716 39.94376313362323
77540.53471962982 39.94376313171562
77657.79448097547 39.94376312987781
77775.05424252631 39.94376312810725
77892.31400427486 39.94376312640148
78009.57376621387 39.943763124758135
78126.83352833638 39.94376312317492
78244.0932906357 39.94376312164964
78361.35305310535 39.94376312018018
78478.6128157391 39.94376311876449
78595.87257853095 39.94376311740061
78713.13234147511 39.94376311608664
78830.39210456602 39.94376311482076
78947.65186779833 39.94376311360121
79064.91163116683 39.94376311242628
79182.17139466657 39.943763111294366
79299.43115829273 39.94376311020387
79416.69092204071 39.94376310915328
79533.95068590603 39.94376310814114
79651.21044988441 39.94376310716605
79768.47021397173 39.94376310622664
79885.72997816397 39.94376310532162
80002.98974245733 39.943763104449715
80120.2495068481 39.943763103609726
80237.5092713327 39.943763102800474
80354.76903590772 39.94376310202084
80472.02880056985 39.94376310126974
80589.28856531592 39.943763100546136
80706.54833014283 39.94376309984901
80823.80809504764 39.9437630991774
80941.06786002751 39.94376309853037
81058.32762507969 39.94376309790702
81175.58739020154 39.94376309730649
81292.84715539051 39.94376309672793
81410.10692064415 39.94376309617054
81527.36668596009 39.94376309563356
81644.62645133607 39.943763095116225
81761.88621676987 39.94376309461783
81879.14598225939 39.943763094137665
81996.40574780261 39.94376309367508
82113.66551339754 39.94376309322942
82230.92527904232 39.94376309280007
82348.18504473512 39.94376309238643
82465.44481047418 39.94376309198793
82582.7045762578 39.94376309160402
82699.96434208438 39.94376309123415
82817.22410795234 39.94376309087782
82934.48387386015 39.94376309053453
83051.74363980639 39.9437630902038
83169.00340578963 39.943763089885174
83286.26317180853 39.94376308957821
83403.5229378618 39.94376308928247
83520.78270394816 39.94376308899756
83638.04247006643 39.943763088723074
83755.30223621543 39.943763088458624
83872.56200239403 39.943763088203866
83989.82176860116 39.943763087958416
84107.08153483579 39.94376308772195
84224.3413010969 39.94376308749413
84341.60106738353 39.94376308727466
84458.86083369475 39.94376308706321
84576.12060002967 39.9437630868595
84693.38036638741 39.94376308666324
84810.64013276715 39.94376308647416
84927.89989916807 39.943763086292
85045.15966558942 39.943763086116505
85162.41943203045 39.94376308594744
85279.67919849043 39.943763085784546
85396.93896496868 39.943763085627616
85514.19873146452 39.94376308547643
85631.45849797734 39.94376308533077
85748.71826450647 39.94376308519044
85865.97803105136 39.943763085055245
85983.23779761142 39.943763084924996
86100.4975641861 39.943763084799514
86217.75733077485 39.943763084678615
86335.01709737717 39.94376308456214
86452.27686399258 39.94376308444993
