0 4.0
117.10524831529061 4.378390705394691
234.2088814686051 4.299492458889746
351.31186967083585 4.309313285800974
468.4147174403161 4.308362640552599
585.5176234613247 4.308427309068023
702.6206203934718 4.30841751066336
819.7236772251343 4.308411275692343
936.8267552673651 4.308404794398885
1053.9298292009607 4.308398253392485
1171.032888936949 4.308391723830264
1288.135934425702 4.30838522294552
1405.2389700609806 4.30837874926824
1522.3420010007887 4.308372290279768
1639.4450314036292 4.308365828634703
1756.5480638583892 4.3083593450273
1873.6510993954798 4.308352819568302
1990.7541377742255 4.30834623256123
2107.857177933535 4.308339565053518
2224.9602185257804 4.308332799234255
2342.0632584156274 4.308325918666904
2459.1662970118123 4.3083189083758855
2576.2693343497886 4.308311754852334
2693.3723709360847 4.30830444605477
2810.4754074519615 4.308296971450764
2927.5784444529977 4.308289322099076
3044.681482180013 4.308281490735304
3161.7845205326394 4.3082734718134175
3278.8875591834408 4.30826526147014
3395.9905977593367 4.308256857407326
3513.0936360047094 4.308248258714234
3630.1966738644946 4.3082394656660705
3747.2997114692735 4.308230479533973
3864.4027490467997 4.308221302428424
3981.5057868091317 4.308211937180502
4098.608824865333 4.3082023872508435
4215.711863190743 4.308192656649384
4332.814901656087 4.308182749850561
4449.917940095436 4.308172671696149
4567.020978379927 4.308162427287043
4684.1240164668125 4.308152021872415
4801.227054407376 4.308141460747374
4918.33009231558 4.308130749168566
5035.433130314397 4.308119892292273
5152.536168483561 4.308108895134064
5269.6392068293835 4.308097762544642
5386.742245286822 4.308086499194745
5503.845283750632 4.308075109562649
5620.948322121504 4.308063597920443
5738.051360348143 4.308051968318485
5855.154398448648 4.308040224570045
5972.2574365029695 4.308028370239486
6089.360474619323 4.308016408637129
6206.4635128873615 4.308004342822536
6323.566551336246 4.307992175616064
6440.669589914802 4.307979909616769
6557.77262850392 4.307967547223692
6674.875666960462 4.3079550906574156
6791.978705180252 4.307942541979384
6909.081743158955 4.307929903107608
7026.184781026422 4.307917175828621
7143.2878190339325 4.307904361806437
7260.390857484413 4.307891462589821
7377.493896705592 4.3078783868037
7494.59693674631 4.307865055312287
7611.699977169592 4.307851577999627
7728.803017133771 4.307838092967924
7845.90605542017 4.3078246508194376
7963.009090649084 4.30781124781555
8080.112121762451 4.307797839853422
8197.215148720536 4.3077843638963556
8314.318173362699 4.307770759090046
8431.421200425028 4.307756986346466
8548.524238716042 4.3077430454345
8665.627302416993 4.307728989122063
8782.730412424386 4.307714934225011
8899.833597620282 4.307701069640203
9016.936895953375 4.307687661589342
9134.04035523544 4.307675056387445
9251.144033589822 4.3076636810888775
9368.247999518904 4.307654042369623
9485.352331580792 4.3076467239897065
9602.457117682561 4.307642383153121
9719.562454012239 4.307641746049311
9836.668443647233 4.3076456028234125
9953.775194893422 4.307654802184621
10070.882819424472 4.307670245825792
10187.991430302027 4.307692882794908
10305.101139961813 4.307723703931762
10422.212058247846 4.307763736461227
10539.324290568007 4.3078140388171
10656.437936231547 4.307875695756043
10773.55308701503 4.307949813808311
10890.669825989602 4.3080375170997804
11007.788226337712 4.308140233460783
11124.908351435555 4.308259164930043
11242.030254262034 4.308395118601098
11359.153977194004 4.3085490170546965
11476.279552293878 4.308721949840569
11593.407001715426 4.308915136075598
11710.536338227463 4.309129884239782
11827.667565989464 4.309367538929812
11944.800681598206 4.309629423896411
12061.935675285224 4.3099167848756474
12179.072532108083 4.310230735196214
12296.157899491616 4.310572206541752
12413.031640222993 4.310941713606037
12529.69074357445 4.311339056608744
12646.134180261584 4.311764271176449
12762.36299108572 4.312217064800245
12878.380289728946 4.312696867122264
12994.19119255583 4.313202838196162
13109.80268605464 4.31373389122095
13225.223444691941 4.314288720420171
13340.463612469835 4.314865833597335
13455.534561161126 4.315463587631253
13570.448637188785 4.316080225259606
13685.218907634386 4.316713911598828
13799.85891410302 4.3173627690588035
13914.382441311942 4.318024909591649
14028.803305446938 4.318698463528871
14143.135165648604 4.3193816045738185
14257.39136051904 4.320072570793781
14371.58477031515 4.3207696816740615
14485.727704527788 4.321471351442434
14599.832526603499 4.322175927684481
14713.910333077582 4.322881997892966
14827.970863502007 4.323588506252276
14942.022928773764 4.324294450814441
15056.074676145434 4.324998849238873
15170.133717545246 4.325700764409469
15284.206361864277 4.32639932338728
15398.265268134566 4.327093733939499
15512.319063173436 4.327783088450978
15626.375681309366 4.328466867177723
15740.41259546219 4.3291446523537065
15854.42206915244 4.329815960510903
15968.413462528924 4.330480561870364
16082.39547242936 4.331138452194888
16196.376118299933 4.331789722807493
16310.362726516882 4.33243456104962
16424.31962746249 4.333073235438805
16538.254337089787 4.333705811371661
16652.175566384045 4.334332726555916
16766.09136769754 4.334954424080157
16880.009111915566 4.335571366252354
16993.90395259351 4.3361840193166
17107.772803337757 4.336792641374162
17221.6243525253 4.337397646241024
17335.466648956324 4.337999470517691
17449.307076008372 4.338598499592959
17563.1420118753 4.339195072909528
17676.9474095302 4.339789411941412
17790.731914513435 4.340381568781545
17904.503553072343 4.340971772566659
18018.269705439 4.341560148294728
18132.037083967352 4.342146763255736
18245.77176169307 4.342731623594101
18359.482183548836 4.343314420352878
18473.17633645009 4.343895121364471
18586.861582992362 4.344473577528125
18700.544639282198 4.345049597221274
18814.209396360977 4.345622943256545
18927.84675255024 4.346193195129899
19041.464645310913 4.346759980843933
19155.070409591874 4.347322995526577
19268.670756564818 4.347881879946566
19382.258438599983 4.348436253611667
19495.815787734307 4.348985630505431
19609.350679688712 4.349529470345161
19722.87041010772 4.350067401967746
19836.3816735985 4.350598995680589
19949.89054961921 4.351123818156299
20063.36799581892 4.351641427300568
20176.820196404893 4.352151163116847
20290.254401583326 4.352652649982838
20403.677283203942 4.353145440447249
20517.09492046266 4.353629087890246
20630.48506518658 4.35410313842923
20743.847301675592 4.354566970353726
20857.188816860966 4.355020147154826
20970.51624023551 4.355462218329596
21083.835629699417 4.355892713292288
21197.138007543785 4.356311150480352
21310.4100493584 4.356716956661405
21423.658878647566 4.357109560141687
21536.891081631424 4.3574884915252285
21650.112693524632 4.357853216871369
21763.31787891601 4.358203189748347
21876.49019570087 4.358537789120272
21989.636672268418 4.3588563586287865
22102.763819137595 4.359158358428276
22215.877615257818 4.359443173680873
22328.983500677787 4.359710181460784
22442.056652967578 4.359958742695501
22555.10170797511 4.36018809715644
22668.12510416878 4.360397667509748
22781.132765735867 4.360586807615587
22894.128329106145 4.360754883892143
23007.08618662626 4.360901268391019
23120.01316743631 4.361025283338666
23232.915622779987 4.361126438017285
23345.7994125802 4.36120420123831
23458.66989781166 4.361258100988874
23571.517099728477 4.3612877175957685
23684.331125295565 4.3612926762983015
23797.118210394634 4.361272713995238
23909.88411555217 4.361227665066793
24022.634119533916 4.3611574234310115
24135.342710443812 4.3610619798444095
24248.01548099919 4.360941427767507
24360.658644120136 4.360796010151079
24473.277961740692 4.360626018821467
24585.87873664003 4.360431852213061
24698.459954408972 4.360214002821514
24811.002612800854 4.359973064534851
24923.512815934402 4.359709761838191
25035.996243151807 4.3594248685411845
25148.45814177369 4.359119204950736
25260.835263914312 4.358793654247389
25373.133806370883 4.3584493546290854
25485.36146859009 4.358087318414221
25597.5257182108 4.357708544720046
25709.633741979687 4.357314051587436
25821.692405378108 4.3569048557097565
25933.708220607623 4.35648196494035
26045.68732246697 4.356046370113675
26157.63545157004 4.355599037923028
26269.55794430202 4.355140904743451
26381.459728884547 4.354672871425807
26493.34532691539 4.354195799054764
26605.218859757926 4.353710505643236
26717.084059175402 4.353217763718878
26828.944281631444 4.3527182987453
26940.80252570785 4.352212788311818
27052.661452122004 4.351701862020111
27164.52340585761 4.351186101993598
27276.39043995306 4.350666043934968
27388.264340520956 4.3501421786584
27500.1466526003 4.349614954025396
27612.038706469175 4.349084777216188
27723.941644071274 4.3485520172723335
27835.856445234207 4.348017007850063
27947.783953382273 4.347480050128036
28059.72490047119 4.346941415817378
28171.679930897964 4.34640135022595
28283.64962416572 4.345860075332862
28395.634516110986 4.345317792833206
28507.635118529877 4.344774687116788
28619.65193706927 4.344230928148448
28731.685487279632 4.343686674221276
28843.73630875692 4.3431420745577025
28955.80497733151 4.34259727173718
29067.89211529221 4.342052403932773
29179.998399662127 4.34150760694264
29292.12456857031 4.3409630160059605
29404.271425787832 4.340418767396368
29516.43984351931 4.339874999789375
29628.630763559897 4.339331855403505
29740.84519694374 4.338789480918019
29853.084222222264 4.338248028172949
29965.348982519557 4.337707654659851
30077.640681517725 4.337168523814046
30189.960578527156 4.336630805121174
30302.309982795985 4.336094674052605
30414.69024720935 4.335560311845612
30527.102761523176 4.335027905145202
30639.548945269227 4.3344976455251505
30752.030240458545 4.333969728906044
30864.548104199654 4.333444354888098
30977.10400133618 4.332921726016152
31089.69939719642 4.3324020469936375
31202.335750535087 4.331885523861421
31315.01450673536 4.3313723631564
31427.73709132744 4.330862771063503
31540.50490386882 4.330356952573426
31653.31931222089 4.329855110657055
31766.181647246965 4.329357445466092
31879.0931979482 4.328864153567954
31992.055207046145 4.328375427221688
32105.068867014026 4.327891453700205
32218.135316553155 4.327412414662982
32331.255637506012 4.326938485582131
32444.43085219372 4.32646983522374
32557.661921162544 4.326006625185387
32670.94974132165 4.325549009489951
32784.29514445279 4.325097134235102
32897.698896071466 4.324651137297242
33011.16169461846 4.324211148088207
33124.68417096072 4.323777287362614
33238.266888180464 4.323349667073471
33351.910341632116 4.322928390273401
33465.6149592471 4.322513551058766
33579.381102067535 4.322105234553787
33693.20906499058 4.321703516931852
33807.09907770612 4.321308465471115
33921.05130581145 4.320920138641611
34035.0658520873 4.32053858622116
34149.14275792055 4.320163849437441
34263.28200485954 4.319795961133727
34377.48351628856 4.319434945955885
34491.74715920873 4.319080820558378
34606.072746112884 4.318733593827112
34720.46003694253 4.31839326711709
34834.90874111541 4.3180598345029555
34949.4185196123 4.317733283040584
35063.988987112294 4.31741359303801
35178.61971416585 4.317100738334025
35293.310229395334 4.316794686582921
35408.0600217131 4.316495399543857
35522.86854254738 4.3162028333734686
35637.73520806686 4.315916938920358
35752.65940139493 4.315637662020213
35867.64047480538 4.315364943790321
35982.67775189159 4.315098720922376
36097.77052970183 4.314838925972469
36212.91808083409 4.314585487647305
36328.119655484086 4.314338331085685
36443.37448344115 4.314097378134436
36558.68177602704 4.3138625476179815
36674.0407279736 4.3136337556009
36789.4505192357 4.313410915642818
36904.910316736714 4.313193939045133
37020.419276044355 4.312982735089117
37135.976542975346 4.312777211265002
37251.58125512796 4.3125772734918035
37367.23254334214 4.31238282632763
37482.92953308737 4.312193773170357
37598.67134577889 4.312010016448613
37714.45710002346 4.311831457803048
37830.28591279613 4.311657998257971
37946.15690054982 4.311489538383471
38062.06918025987 4.311325978448187
38178.0218704059 4.311167218562947
38294.01409189355 4.3110131588155385
38410.044968918744 4.310863699396896
38526.1136297773 4.3107187407190235
38642.21920762267 4.310578183525001
38758.360841174705 4.310441928991431
38874.537675382184 4.310309878823691
38990.74886204194 4.310181935344374
39106.99356037719 4.310058001575295
39223.270937577676 4.309937981313441
39339.58016930402 4.309821779201233
39455.92044015857 4.309709300791464
39572.29094412484 4.309600452607255
39688.690884977615 4.3094951421973775
39805.11947666528 4.309393278187238
39921.57594366619 4.309294770325842
40038.05952132039 4.3091995295290095
40154.56945613794 4.309107467919087
40271.10500608498 4.309018498861415
40387.66544084843 4.308932536997748
40504.250042080144 4.308849498276823
40620.85810362112 4.308769299982262
40737.488931706335 4.308691860757943
40854.14184515065 4.308617100630993
40970.81617551603 4.308544941032505
41087.51126726048 4.308475304816082
41204.226477868724 4.308408116274307
41320.96117796493 4.308343301153185
41437.71475140755 4.308280786664651
41554.48659536633 4.308220501497155
41671.27612038169 4.308162375824411
41788.0827504065 4.308106341312295
41904.90592283044 4.308052331123974
42021.74508848706 4.308000279923241
42138.599711643794 4.307950123876128
42255.46926997506 4.307901800650783
42372.35325451888 4.307855249415652
42489.251169617215 4.307810410835986
42606.16253284047 4.307767227068702
42723.08687489662 4.30772564175563
42840.0237395254 4.307685600015161
42956.97268337821 4.307647048432365
43073.93327588417 4.307609935047584
43190.90509910312 4.307574209343581
43307.88774756615 4.307539822231267
43424.880828104455 4.307506726034077
43541.883959667175 4.3074748744710485
43658.89677312908 4.307444222638667
43775.91891108886 4.3074147269915475
43892.950027658815 4.3073863453220245
44009.989788246785 4.30735903673871
44127.03786933116 4.3073327616441155
44244.093958229736 4.30730748171141
44361.15775286329 4.3072831598603765
44478.22896151459 4.3072597602326725
44595.30730258373 4.307237248166459
44712.39250434041 4.307215590170482
44829.48430467406 4.30719475389769
44946.582450842354 4.307174708118454
45063.68669921889 4.307155422693486
45180.79681504064 4.307136868546511
45297.9125721558 4.3071190176367775
45415.03375277257 4.307101842931468
45532.16014720944 4.307085318378089
45649.29155364748 4.307069418876886
45766.427777885045 4.307054120253356
45883.568633095376 4.30703939923091
46000.71393958746 4.3070252334037455
46117.86352457048 4.307011601209959
46235.017221922186 4.306998481904969
46352.174871961484 4.306985855535276
46469.336321225455 4.306973702912594
46586.50142225104 4.306962005588409
46703.67003336158 4.306950745828965
46820.84201845831 4.306939906590737
46938.01724681705 4.306929471496384
47055.195592890064 4.306919424811234
47172.37693611324 4.306909751420291
47289.561160718666 4.3069004368058
47406.74815555251 4.306891467025364
47523.9378138984 4.306882828690645
47641.13003330616 4.306874508946629
47758.3247154259 4.306866495451485
47875.5217658475 4.306858776356998
47992.721093945336 4.3068513402896045
48109.922612728275 4.306844176331991
48227.1262386948 4.306837274005292
48344.3318916932 4.306830623251858
48461.53949478674 4.306824214418592
48578.748974123744 4.306818038240856
48695.960258812396 4.3068120858269285
48813.17328080022 4.306806348643009
48930.387974758116 4.306800818498761
49047.60427796879 4.306795487533378
49164.822130219516 4.306790348202162
49282.04147369902 4.306785393263607
49399.26225289848 4.306780615766964
49516.484414516366 4.306776009040294
49633.70790736715 4.306771566678968
49750.93268229362 4.306767282534625
49868.15869208277 4.306763150704567
49985.385891385085 4.306759165521566
50102.61423663715 4.306755321544089
50219.84368598738 4.30675161354691
50337.07419922485 4.306748036512109
50454.30573771108 4.306744585620423
50571.53826431458 4.306741256242981
50688.77174334817 4.306738043933341
50806.0061405089 4.3067349444198895
50923.24142282049 4.30673195359854
51040.47755857814 4.306729067525734
51157.71451729572 4.306726282411744
51274.95226965513 4.306723594614251
51392.19078745782 4.306721000632191
51509.43004357834 4.306718497099861
51626.67001191989 4.3067160807812765
51743.91066737172 4.3067137485647695
51861.15198576836 4.306711497457803
51978.39394385058 4.306709324582021
52095.636519228014 4.306707227168501
52212.87969034342 4.306705202553208
52330.123436438415 4.306703248172646
52447.36773752071 4.3067013615596945
52564.61257433281 4.306699540339623
52681.85792832196 4.306697782226278
52799.10378161151 4.30669608501843
52916.35011697346 4.306694446596288
53033.59691780218 4.30669286491815
53150.844168089374 4.306691338017218
53268.09185240006 4.306689863998528
53385.339955849624 4.306688441036039
53502.58846408192 4.306687067369831
53619.8373632483 4.306685741303432
53737.086639987574 4.306684461201265
53854.33628140692 4.306683225486204
53971.58627506354 4.306682032637239
54088.83660894725 4.306680881187244
54206.08727146372 4.306679769720847
54323.338251418594 4.306678696872388
54440.58953800221 4.306677661323979
54557.84112077506 4.306676661803635
54675.092989653866 4.306675697083506
54792.345134898314 4.306674765978171
54909.59754709834 4.306673867343021
55026.85021716197 4.306673000072711
55144.103136303755 4.306672163099672
55261.356296033635 4.306671355392705
55378.60968814636 4.306670575955623
55495.86330471131 4.306669823825961
55613.1171380628 4.306669098073741
55730.371180790775 4.306668397800295
55847.625425731894 4.306667722137128
55964.879865961026 4.306667070244845
56082.13449478305 4.306666441312114
56199.38930572503 4.30666583455468
56316.64429252869 4.306665249214415
56433.899449143195 4.306664684558415
56551.15476971823 4.3066641398781265
56668.41024859735 4.306663614488517
56785.665880311564 4.306663107727276
56902.9216595732 4.3066626189540465
57020.177581269956 4.306662147549693
57137.43364045923 4.306661692915588
57254.68983236262 4.306661254472942
57371.94615236061 4.306660831662145
57489.20259598747 4.306660423942138
57606.459158926365 4.306660030789811
57723.715837004536 4.3066596516994196
57840.97262618876 4.306659286182023
57958.22952258088 4.306658933764944
58075.48652241351 4.3066585939912505
58192.7436220459 4.306658266419244
58310.00081795991 4.306657950621979
58427.25810675612 4.306657646186793
58544.51548515005 4.3066573527148515
58661.772949968516 4.306657069820703
58779.03049814611 4.3066567971318666
58896.288126721745 4.3066565342884084
59013.545832835356 4.306656280942549
59130.80361372465 4.306656036758277
59248.061466722014 4.306655801410976
59365.31938925143 4.306655574587061
59482.57737882558 4.306655355983627
59599.83543304298 4.30665514530811
59717.09354958518 4.306654942277956
59834.35172621411 4.306654746620302
59951.60996076944 4.306654558071661
60068.86825116608 4.306654376377626
60186.126595391695 4.306654201292573
60303.384991504325 4.306654032579382
60420.64343763007 4.306653870009154
60537.90193196084 4.306653713360952
60655.1604727522 4.306653562421537
60772.41905832121 4.30665341698511
60889.677687044416 4.306653276853085
61006.93635735583 4.3066531418338325
61124.19506774502 4.306653011742461
61241.45381675524 4.30665288640059
61358.71260298158 4.306652765636132
61475.97142506926 4.3066526492830866
61593.2302817119 4.306652537181335
61710.489171649846 4.306652429176437
61827.74809366862 4.306652325119449
61945.00704659732 4.30665222486673
62062.266029307146 4.306652128279766
62179.52504070995 4.306652035224994
62296.784079756806 4.306651945573631
62414.04314543666 4.306651859201516
62531.302236775016 4.306651775988943
62648.56135283265 4.306651695820515
62765.82049270438 4.306651618584991
62883.07965551786 4.30665154417514
63000.33884043245 4.3066514724876095
63117.59804663807 4.306651403422778
63234.85727335414 4.30665133688464
63352.116519828516 4.306651272780663
63469.3757853365 4.306651211021679
63586.63506917985 4.3066511515217565
63703.89437068584 4.306651094198093
63821.15368920636 4.306651038970901
63938.413024117 4.306650985763299
64055.67237481625 4.306650934501215
64172.93174072463 4.30665088511328
64290.19112128393 4.306650837530732
64407.45051595644 4.3066507916873285
64524.70992422419 4.30665074751925
64641.96934558824 4.3066507049650165
64759.228779568 4.306650663965401
64876.48822570058 4.306650624463352
64993.74768354011 4.306650586403909
65111.00715265714 4.306650549734134
65228.26663263805 4.306650514403034
65345.52612308445 4.306650480361491
65462.78562361263 4.306650447562194
65580.04513385305 4.306650415959574
65697.30465344978 4.30665038550974
65814.56418206003 4.306650356170419
65931.82371935363 4.3066503279008925
66049.08326501262 4.306650300661947
66166.34281873076 4.306650274415812
66283.6023802131 4.306650249126111
66400.86194917558 4.306650224757809
66518.12152534464 4.306650201277163
66635.38110845679 4.306650178651675
66752.64069825824 4.306650156850046
66869.9002945046 4.306650135842132
66987.15989696045 4.306650115598899
67104.41950539908 4.306650096092387
67221.67911960214 4.3066500772956635
67338.93873935928 4.306650059182795
67456.19836446793 4.306650041728797
67573.45799473296 4.306650024909611
67690.71762996644 4.306650008702063
67807.97726998734 4.306649993083834
67925.23691462129 4.306649978033427
68042.4965637003 4.306649963530133
68159.7562170626 4.306649949554009
68277.01587455232 4.306649936085845
68394.27553601931 4.306649923107135
68511.53520131895 4.306649910600057
68628.7948703119 4.306649898547438
68746.05454286392 4.3066498869327425
68863.31421884568 4.306649875740036
68980.57389813261 4.306649864953971
69097.83358060468 4.306649854559762
69215.09326614623 4.3066498445431645
69332.35295464583 4.306649834890457
69449.61264599612 4.306649825588419
69566.87234009366 4.306649816624314
69684.13203683877 4.3066498079858695
69801.39173613541 4.306649799661264
69918.65143789104 4.306649791639103
70035.91114201646 4.306649783908413
70153.17084842574 4.306649776458617
70270.43055703607 4.306649769279524
70387.69026776764 4.306649762361316
70504.94998054353 4.3066497556945285
70622.20969528965 4.306649749270045
70739.46941193455 4.306649743079079
70856.7291304094 4.306649737113164
70973.98885064785 4.306649731364138
71091.24857258596 4.306649725824139
71208.50829616211 4.306649720485589
71325.7680213169 4.306649715341184
71443.02774799308 4.306649710383885
71560.2874761355 4.30664970560691
71677.54720569098 4.306649701003719
71794.80693660825 4.306649696568013
71912.06666883791 4.306649692293718
72029.32640233237 4.30664968817498
72146.58613704573 4.30664968420616
72263.84587293374 4.306649680381819
72381.10560995378 4.306649676696716
72498.36534806476 4.306649673145801
72615.62508722706 4.306649669724204
72732.88482740251 4.306649666427235
72850.14456855431 4.306649663250369
72967.404310647 4.306649660189247
73084.6640536464 4.306649657239668
73201.92379751954 4.306649654397581
73319.18354223469 4.306649651659082
73436.44328776123 4.30664964902041
73553.70303406965 4.306649646477938
73670.96278113153 4.3066496440281705
73788.22252891945 4.306649641667739
73905.48227740699 4.306649639393394
74022.74202656871 4.306649637202009
74140.00177638006 4.306649635090565
74257.2615268174 4.306649633056155
74374.52127785793 4.306649631095977
74491.78102947968 4.306649629207331
74609.04078166149 4.306649627387613
74726.30053438294 4.306649625634313
74843.5602876244 4.306649623945016
74960.82004136687 4.306649622317389
75078.07979559212 4.306649620749186
75195.33955028254 4.306649619238243
75312.59930542117 4.306649617782474
75429.85906099167 4.306649616379868
75547.11881697828 4.306649615028488
75664.37857336582 4.306649613726465
75781.63833013966 4.306649612472002
75898.89808728569 4.306649611263364
76016.15784479034 4.306649610098877
76133.41760264053 4.306649608976934
76250.67736082363 4.30664960789598
76367.93711932747 4.3066496068545215
76485.19687814036 4.306649605851116
76602.456637251 4.306649604884375
76719.71639664852 4.306649603952959
76836.97615632245 4.30664960305558
76954.23591626267 4.306649602190993
77071.49567645945 4.306649601358002
77188.75543690343 4.306649600555453
77306.01519758557 4.306649599782233
77423.27495849716 4.3066495990372715
77540.53471962982 4.306649598319535
77657.79448097547 4.30664959762803
77775.05424252631 4.3066495969617975
77892.31400427486 4.306649596319914
78009.57376621387 4.306649595701487
78126.83352833638 4.306649595105664
78244.0932906357 4.306649594531614
78361.35305310535 4.306649593978545
78478.6128157391 4.3066495934456865
78595.87257853095 4.306649592932302
78713.13234147511 4.306649592437677
78830.39210456602 4.306649591961128
78947.65186779833 4.306649591501993
79064.91163116683 4.306649591059636
79182.17139466657 4.306649590633443
79299.43115829273 4.306649590222822
79416.69092204071 4.306649589827204
79533.95068590603 4.3066495894460415
79651.21044988441 4.306649589078805
79768.47021397173 4.306649588724984
79885.72997816397 4.30664958838409
80002.98974245733 4.306649588055649
80120.2495068481 4.306649587739206
80237.5092713327 4.306649587434323
80354.76903590772 4.306649587140575
80472.02880056985 4.306649586857557
80589.28856531592 4.306649586584876
80706.54833014283 4.306649586322154
80823.80809504764 4.306649586069026
80941.06786002751 4.306649585825144
81058.32762507969 4.306649585590167
81175.58739020154 4.30664958536377
81292.84715539051 4.306649585145641
81410.10692064415 4.306649584935476
81527.36668596009 4.306649584732984
81644.62645133607 4.306649584537886
81761.88621676987 4.306649584349911
81879.14598225939 4.306649584168798
81996.40574780261 4.3066495839942975
82113.66551339754 4.306649583826167
82230.92527904232 4.306649583664174
82348.18504473512 4.3066495835080945
82465.44481047418 4.306649583357712
82582.7045762578 4.306649583212819
82699.96434208438 4.306649583073215
82817.22410795234 4.3066495829387055
82934.48387386015 4.306649582809106
83051.74363980639 4.306649582684237
83169.00340578963 4.306649582563925
83286.26317180853 4.306649582448005
83403.5229378618 4.3066495823363145
83520.78270394816 4.306649582228701
83638.04247006643 4.306649582125015
83755.30223621543 4.306649582025113
83872.56200239403 4.306649581928857
83989.82176860116 4.306649581836115
84107.08153483579 4.306649581746757
84224.3413010969 4.30664958166066
84341.60106738353 4.306649581577705
84458.86083369475 4.306649581497779
84576.12060002967 4.3066495814207695
84693.38036638741 4.306649581346571
84810.64013276715 4.30664958127508
84927.89989916807 4.306649581206199
85045.15966558942 4.3066495811398315
85162.41943203045 4.306649581075887
85279.67919849043 4.306649581014277
85396.93896496868 4.3066495809549155
85514.19873146452 4.306649580897721
85631.45849797734 4.306649580842615
85748.71826450647 4.306649580789521
85865.97803105136 4.306649580738364
85983.23779761142 4.306649580689076
86100.4975641861 4.3066495806415865
86217.75733077485 4.306649580595832
86335.01709737717 4.306649580551747
86452.27686399258 4.306649580509273
